GTR{1.566557/9.000120/2.131665/0.001000/3.782797/1.000000}+FU{0.258651/0.168651/0.122425/0.450273}+G4m{3.040415}+BU{1.366530}, partition_0 = 2666-2745
GTR{0.929604/12.892256/1.928926/1.134135/14.350107/1.000000}+FU{0.205662/0.212540/0.309517/0.272280}+G4m{1.350378}+BU{4.553476}, partition_1 = 3271,3274,3277,3280,3283,3286,3289,3292,3295,3298,3301,3304,3307,3310,3313,3316,3319,3322,3325,3328,3331,3334,3337,2872,2875,3340,2878,3343,2881,2884,3346,2887,2890,3349,2893,3352,2896,2899,3355,2902,2905,3358,2908,2911,3361,2914,3364,2917,2920,3367,2923,2926,3370,2929,2932,3373,2935,3376,2938,2941,3379,2944,2947,2950,2953,3382,2956,2959,3385,2962,2965,3388,2968,3391,2971,2974,2977,3394,2980,2983,3397,2986,2989,3400,2992,2995,3403,2998,3406,3001,3004,3409,3007,3412,3010,3415,3013,3016,3019,3022,3025,3418,3028,3031,3421,3034,3037,3040,3043,3046,3049,3052,3055,3058,3061,3064,3067,3070,3073,3076,3079,3082,3085,3088,3091,3094,3097,3100,3424,3103,3106,3427,3109,3112,3430,3115,3118,3121,3433,3124,3127,3436,3130,3133,3439,3136,3139,3142,3145,3442,3148,3151,3154,3157,3160,3163,3166,3169,3172,3175,3178,3181,3184,3445,3187,3190,3193,3448,3196,3199,3202,3451,3205,3208,3211,3454,3214,3217,3457,3220,3223,3460,3226,3229,3232,3235,3238,3241,3244,3463,3247,3250,3253,3256,3259,3262,3265,3268,3466,3469,3472,3475,3478,3481,3484,3487,3490,3493,3496,3499,3502,3505,3508,3511,3514,3517,3520,3523,3526,3529,3532,3535,3538,3541,3544,3547,3550,3553,3556,3559,3562,3565,3568,3571,3574,3577,3580,3583,3586,3589,3592,3595,3598,3601,3604,3607,3610,3613,3616,3619,3622,3625,3628,3631,3634,3637,3640,3643,3646,3649,3652,3655,3658,3661,3664,3667,3670,3673,3676,3679,3682
GTR{1.149986/6.854531/1.560132/0.394103/16.122565/1.000000}+FU{0.269324/0.191406/0.288859/0.250411}+G4m{0.096899}+BU{0.324555}, partition_2 = 711-1671
GTR{1.025088/0.912404/0.471586/0.087842/8.594955/1.000000}+FU{0.281518/0.228576/0.342135/0.147771}+G4m{0.129187}+BU{0.434793}, partition_3 = 3008,3011,3014,3017,3020,3023,3026,3029,3032,3035,3038,3041,3044,3047,3050,3053,3056,3059,3062,3065,3068,3071,3074,3077,3080,3083,3086,3089,3092,3095,3098,3101,3104,3107,3110,3113,3116,3119,3122,3125,3128,3131,3134,3137,3140,3143,3146,3149,3152,3155,3158,3161,3164,3167,3170,3173,3176,3179,3182,3185,3188,3191,3194,3197,3200,3203,3206,3209,3212,3215,3218,3221,3224,3227,3230,3233,3236,3239,3242,3245,3248,3251,3254,3257,3260,3263,3266,3269,3272,3275,3278,3281,3284,3287,3290,3293,3296,3299,3563,3302,3566,3569,3305,3308,3311,3572,3575,3314,3578,3581,3317,3320,3584,3587,3590,3323,3326,3329,3593,3596,3599,3332,3335,3338,3341,3344,3347,3350,3353,3356,3359,3362,3365,3602,3605,3368,3371,3374,3377,3608,3611,3614,3380,3383,3617,3620,3386,3623,3626,3389,3392,3629,3632,3395,3398,3635,3638,3401,3404,3641,3407,3410,3644,3647,3413,3416,3419,3650,3653,3422,3656,3425,3428,3431,3434,3437,3440,3443,3446,3449,3659,3662,3665,3668,3671,3452,3455,3458,3461,3464,3467,3674,3677,3680,3470,3473,3476,3479,3482,3485,3488,3491,3494,3497,3500,3503,3506,3509,3512,3515,3518,3521,3524,3527,3530,3533,3536,3539,3542,3545,3548,3551,3554,3557,3560,2870,2873,2876,2879,2882,2885,2888,2891,2894,2897,2900,2903,2906,2909,2912,2915,2918,2921,2924,2927,2930,2933,2936,2939,2942,2945,2948,2951,2954,2957,2960,2963,2966,2969,2972,2975,2978,2981,2984,2987,2990,2993,2996,2999,3002,3005
GTR{0.789487/3.030809/0.998910/0.862542/3.694745/1.000000}+FU{0.233278/0.216424/0.167559/0.382739}+G4m{5.728283}+BU{1.889207}, partition_4 = 2746-2815
GTR{56.013641/424.984287/45.456556/196.335738/459.493759/1.000000}+FU{0.287599/0.211682/0.221737/0.278982}+G4m{2.720164}+BU{0.127386}, partition_5 = 253-414
GTR{1.263719/4.349949/0.375395/0.558699/6.429554/1.000000}+FU{0.270899/0.231807/0.200229/0.297065}+G4m{2.731749}+BU{1.910160}, partition_6 = 2816-2869
GTR{1.419108/6.572019/0.563729/0.672341/5.516906/1.000000}+FU{0.247600/0.176875/0.200394/0.375130}+G4m{0.471453}+BU{1.522834}, partition_7 = 415-710
GTR{0.894806/11.149347/2.353911/0.580100/9.390772/1.000000}+FU{0.143643/0.320398/0.239095/0.296865}+G4m{1.725341}+BU{1.620011}, partition_8 = 1674,1677,1680,1683,1686,1689,1692,1695,1698,1701,1704,2517,2520,1707,2523,1710,2526,1713,2529,2532,1716,2535,1719,2538,1722,2541,1725,1728,2544,1731,2547,1734,1737,2550,1740,2553,1743,2556,1746,1749,1752,2559,2562,1755,2565,1758,2568,1761,1764,2571,1767,2574,1770,2577,1773,1776,2580,1779,2583,1782,1785,2586,1788,2589,1791,1794,2592,1797,2595,1800,1803,2598,1806,2601,1809,2604,1812,1815,2607,1818,2610,1821,1824,2613,1827,2616,1830,2619,2622,2625,1833,2628,1836,2631,1839,1842,1845,1848,1851,1854,2634,1857,1860,1863,1866,2637,2640,2643,2646,2649,2652,2655,2658,2661,2664,1962,1965,1968,1971,1974,1977,1980,1983,1986,1989,1869,1992,1995,1998,2001,2004,2007,2010,2013,2016,2019,2022,2025,2028,1872,2031,2034,1875,2037,2040,2043,2046,1878,2049,2052,2055,2058,1881,2061,2064,2067,1884,2070,2073,2076,2079,1887,1890,2082,2085,2088,2091,2094,1893,2097,2100,2103,1896,2106,1899,1902,2109,2112,2115,2118,2121,2124,2127,2130,2133,2136,2139,1905,2142,1908,2145,2148,1911,2151,1914,1917,2154,2157,2160,2163,1920,2166,2169,2172,2175,1923,2178,2181,1926,2184,2187,2190,2193,2196,2199,2202,1929,2205,2208,2211,1932,2214,2217,2220,1935,2223,2226,2229,2232,1938,2235,2238,2241,2244,1941,2247,2250,2253,2256,2259,2262,2265,2268,2271,2274,2277,2280,2283,1944,2286,2289,2292,1947,2295,2298,2301,2304,2307,1950,2310,2313,2316,2319,1953,2322,2325,2328,2331,2334,1956,1959,2337,2340,2343,2346,2349,2352,2355,2358,2361,2364,2367,2370,2373,2376,2379,2382,2385,2388,2391,2394,2397,2400,2403,2406,2409,2412,2415,2418,2421,2424,2427,2430,2433,2436,2439,2442,2445,2448,2451,2454,2457,2460,2463,2466,2469,2472,2475,2478,2481,2484,2487,2490,2493,2496,2499,2502,2505,2508,2511,2514
GTR{1.673218/4.466151/0.492717/0.588733/5.129478/1.000000}+FU{0.289931/0.150815/0.178681/0.380574}+G4m{1.061798}+BU{2.270404}, partition_9 = 1-252
GTR{98.207058/0.001000/168.481477/924.924390/236.878669/1.000000}+FU{0.315980/0.246488/0.156472/0.281060}+G4m{0.020129}+BU{0.027429}, partition_10 = 1673,1676,1679,1682,1685,1688,1691,1694,1697,1700,1703,1706,1709,1712,1715,1718,1721,1724,1727,1730,1733,1736,1739,1742,1745,1748,1751,1754,1757,1760,1763,1766,1769,1772,1775,1778,1781,1784,1787,1790,1793,1796,1799,1802,1805,1808,1811,1814,1817,1820,1823,1826,1829,1832,1835,1838,1841,1844,1847,1850,1853,1856,1859,1862,1865,1868,1871,1874,2105,2108,2111,2114,1877,1880,1883,2117,2120,1886,1889,2123,2126,1892,1895,2129,2132,1898,1901,2135,2138,2141,1904,1907,1910,1913,2144,2147,1916,2150,2153,1919,1922,2156,2159,1925,1928,1931,1934,1937,2162,2165,2168,2171,1940,2174,2177,2180,1943,1946,1949,2183,1952,1955,2186,2189,1958,1961,2192,2195,1964,1967,2198,2201,1970,1973,2204,2207,2210,1976,1979,1982,2213,2216,1985,1988,2219,2222,1991,1994,2225,2228,1997,2000,2231,2234,2003,2006,2237,2240,2009,2012,2243,2246,2015,2018,2249,2252,2255,2021,2024,2027,2030,2033,2036,2258,2261,2264,2267,2039,2270,2273,2276,2279,2042,2045,2048,2051,2054,2057,2282,2285,2288,2291,2294,2297,2300,2060,2063,2303,2066,2069,2306,2309,2072,2075,2312,2315,2078,2081,2318,2321,2324,2084,2087,2327,2330,2090,2093,2096,2333,2336,2099,2102,2339,2342,2345,2348,2351,2354,2357,2360,2363,2366,2369,2660,2663,2372,2375,2378,2381,2384,2387,2390,2393,2396,2399,2402,2405,2408,2411,2414,2417,2420,2423,2426,2429,2432,2435,2438,2441,2444,2447,2450,2453,2456,2459,2462,2465,2468,2471,2474,2477,2480,2483,2486,2489,2492,2495,2498,2501,2504,2507,2510,2513,2516,2519,2522,2525,2528,2531,2534,2537,2540,2543,2546,2549,2552,2555,2558,2561,2564,2567,2570,2573,2576,2579,2582,2585,2588,2591,2594,2597,2600,2603,2606,2609,2612,2615,2618,2621,2624,2627,2630,2633,2636,2639,2642,2645,2648,2651,2654,2657
GTR{0.001000/0.457040/1.932868/0.133926/5.315614/1.000000}+FU{0.312051/0.192521/0.375198/0.120230}+G4m{0.020135}+BU{0.188118}, partition_11 = 1672,1675,1678,1681,1684,1687,1690,1693,1696,1699,1702,1705,1708,1711,1714,1717,1720,1723,1726,1729,1732,1735,1738,1741,1744,1747,1750,1753,1756,1759,1762,1765,1768,1771,1774,1777,1780,1783,1786,1789,1792,1795,1798,1801,1804,1807,1810,1813,1816,1819,1822,1825,1828,1831,1834,1837,1840,1843,1846,1849,1852,1855,1858,1861,1864,1867,1870,1873,1876,1879,1882,1885,1888,1891,1894,1897,1900,1903,1906,1909,1912,1915,1918,1921,1924,1927,1930,1933,2218,1936,1939,1942,1945,1948,1951,1954,1957,1960,1963,2221,1966,1969,2224,1972,1975,2227,1978,1981,2230,1984,1987,2233,1990,2236,1993,1996,2239,1999,2002,2242,2245,2248,2005,2251,2008,2011,2254,2014,2257,2017,2020,2260,2023,2026,2263,2029,2032,2266,2035,2269,2038,2041,2272,2044,2047,2275,2050,2278,2053,2056,2059,2281,2062,2284,2065,2068,2287,2071,2074,2290,2077,2293,2080,2083,2296,2086,2089,2299,2092,2095,2302,2098,2305,2101,2104,2308,2107,2110,2311,2113,2116,2314,2119,2317,2122,2125,2320,2128,2131,2323,2134,2137,2326,2140,2329,2143,2146,2149,2152,2155,2158,2332,2161,2164,2335,2167,2170,2173,2176,2179,2182,2185,2338,2188,2341,2191,2194,2344,2197,2200,2347,2203,2206,2350,2209,2353,2212,2215,2356,2359,2362,2365,2368,2371,2374,2377,2380,2383,2386,2389,2392,2395,2398,2401,2404,2407,2410,2413,2416,2419,2422,2425,2428,2431,2434,2437,2440,2443,2446,2449,2452,2455,2458,2461,2464,2467,2470,2473,2476,2479,2482,2485,2488,2491,2494,2497,2500,2503,2506,2509,2512,2515,2518,2521,2524,2527,2530,2533,2536,2539,2542,2545,2548,2551,2554,2557,2560,2563,2566,2569,2572,2575,2578,2581,2584,2587,2590,2593,2596,2599,2602,2605,2608,2611,2614,2617,2620,2623,2626,2629,2632,2635,2638,2641,2644,2647,2650,2653,2656,2659,2662,2665
GTR{1.035707/2.906423/2.270384/1.584541/1.069470/1.000000}+FU{0.308583/0.184732/0.199313/0.307372}+G4m{0.020135}+BU{0.084322}, partition_12 = 2871,2874,2877,2880,2883,2886,2889,2892,2895,2898,2901,2904,2907,2910,2913,2916,2919,2922,2925,2928,2931,2934,2937,2940,2943,2946,2949,2952,2955,2958,2961,2964,2967,2970,2973,2976,2979,2982,2985,2988,2991,2994,2997,3000,3003,3006,3009,3012,3015,3018,3021,3024,3027,3030,3033,3036,3039,3042,3045,3048,3051,3054,3057,3060,3063,3066,3069,3072,3075,3078,3081,3084,3087,3090,3093,3096,3099,3102,3105,3108,3111,3114,3117,3120,3123,3126,3129,3132,3135,3138,3141,3144,3147,3150,3153,3156,3159,3162,3165,3168,3171,3174,3177,3180,3183,3186,3189,3192,3195,3198,3201,3204,3207,3210,3213,3216,3219,3222,3225,3228,3231,3234,3237,3240,3243,3246,3249,3252,3255,3258,3261,3264,3267,3270,3273,3276,3279,3282,3285,3288,3291,3294,3297,3300,3303,3306,3309,3312,3315,3318,3321,3324,3327,3330,3333,3336,3339,3342,3345,3348,3351,3354,3357,3360,3363,3366,3369,3372,3375,3378,3381,3384,3387,3390,3393,3396,3399,3402,3405,3408,3411,3414,3417,3420,3423,3426,3429,3432,3435,3438,3441,3444,3447,3450,3453,3456,3459,3462,3465,3468,3471,3474,3477,3480,3483,3486,3489,3492,3495,3498,3501,3504,3507,3510,3513,3516,3519,3522,3525,3528,3531,3534,3537,3540,3543,3546,3549,3552,3555,3558,3561,3564,3567,3570,3573,3576,3579,3582,3585,3588,3591,3594,3597,3600,3603,3606,3609,3612,3615,3618,3621,3624,3627,3630,3633,3636,3639,3642,3645,3648,3651,3654,3657,3660,3663,3666,3669,3672,3675,3678,3681
