GTR{0.001000/0.001000/0.001000/0.001000/63.233172/1.000000}+FU{0.280028/0.196695/0.373220/0.150057}+G4m{99.862622}+BU{0.039915}, partition_0 = 1303,1306,1309,1312,1315,1318,1321,1324,1327,1330,1333,1336,1339,1342,1345,1348,1351,1354,1357,1360,1363,1366,1369,1372,1375,1378,1381,1384,1387,1390,1393,1396,1399,1402,955,958,961,964,967,970,973,976,979,982,985,988,991,994,997,1000,1003,1006,1009,1012,1015,1018,1021,1024,1027,1030,1033,1036,1039,1042,1045,1048,1051,1054,1057,1060,1063,1066,1069,1072,1075,1078,1081,1084,1087,1090,1093,1096,1099,1102,1105,1108,1111,1114,1117,1120,1123,1126,1129,1132,1135,1138,1141,1144,1147,1150,1153,1156,1159,1162,1165,1168,1171,1174,1177,1180,1183,1186,1189,1192,1195,1198,1201,1204,1207,1210,1213,1216,1219,1222,1225,1228,1231,1234,1237,1240,1243,1246,1249,1252,1255,1258,1261,1264,1267,1270,1273,1276,1279,1282,1285,1288,1291,1294,1297,1300
GTR{0.001000/0.001000/0.001000/2.681512/0.001000/1.000000}+FU{0.284078/0.250161/0.207333/0.258428}+G4m{0.020126}+BU{0.009254}, partition_1 = 432,435,438,441,444,447,450,453,456,459,462,465,468,471,474,477,480,483,486,489,492,495,498,501,504,507,510,513,516,519,522,525,528,531,534,537,540,543,546,549,552,555,558,561,564,567,570,573,576,579,582,585,588,591,594,597,600,603,606,609,612,615,618,621,624,627,630,633,636,639,642,645,648,651,654,657,660,663,666,669,672,675,678,681,684,687,690,693,696,699,702,705,708,711,714,717,720,723,726,729,732,735,738,741,744,747,750,753,756,759,762,765,768,771,774,777
GTR{75.256793/260.085460/20.938518/84.826052/49.802742/1.000000}+FU{0.373191/0.126007/0.142032/0.358771}+G4m{0.220508}+BU{1.507720}, partition_2 = 779-922
GTR{0.001000/32.026337/0.001000/0.001000/0.001000/1.000000}+FU{0.313633/0.181825/0.414107/0.090436}+G4m{99.861811}+BU{0.567586}, partition_3 = 923,926,929,932,935,938,941,944,947,950,953
GTR{42.244846/147.729793/0.001000/54.549240/498.921680/1.000000}+FU{0.254335/0.329062/0.186047/0.230555}+G4m{99.878871}+BU{0.757470}, partition_4 = 433,436,439,442,445,448,451,454,457,460,463,466,469,472,475,478,481,484,487,490,493,496,499,502,505,508,511,514,517,520,523,526,529,532,535,538,541,544,547,550,553,556,559,562,565,568,571,574,577,580,583,586,589,592,595,598,601,604,607,610,613,616,619,622,625,628,631,634,637,640,643,646,649,652,655,658,661,664,667,670,673,676,679,682,685,688,691,694,697,700,703,706,709,712,715,718,721,724,727,730,733,736,739,742,745,748,751,754,757,760,763,766,769,772,775,778
GTR{0.001000/29.712064/0.001000/0.001000/0.001000/1.000000}+FU{0.313098/0.363657/0.232850/0.090395}+G4m{99.861701}+BU{0.568970}, partition_5 = 924,927,930,933,936,939,942,945,948,951,954
GTR{0.001000/0.001000/0.001000/0.001000/72.074337/1.000000}+FU{0.261932/0.106956/0.522945/0.108167}+G4m{99.860179}+BU{0.152569}, partition_6 = 1604,1607,1610,1613,1616,1619,1622,1625,1628,1631,1634,1637,1640,1643,1646,1649,1652,1655,1658,1661,1664,1667,1670,1673,1676,1679,1682,1685,1688,1691,1694,1697,1700,1703,1706,1709,1712,1715,1718,1721,1724,1727
GTR{1.360765/5.689786/0.001000/0.001000/0.001000/1.000000}+FU{0.171062/0.268044/0.195406/0.365487}+G4m{0.020126}+BU{0.009254}, partition_7 = 1605,1608,1611,1614,1617,1620,1623,1626,1629,1632,1635,1638,1641,1644,1647,1650,1653,1656,1659,1662,1665,1668,1671,1674,1677,1680,1683,1686,1689,1692,1695,1698,1701,1704,1707,1710,1713,1716,1719,1722,1725
GTR{0.230695/2.793893/1.145803/0.838127/4.954956/1.000000}+FU{0.287125/0.139135/0.164272/0.409468}+G4m{0.449643}+BU{1.617508}, partition_8 = 1405-1603
GTR{1.000000/1.000000/1.000000/1.000000/1.000000/1.000000}+FU{0.499848/0.100044/0.200054/0.200054}+G4m{0.020126}+BU{0.009254}, partition_9 = 925,928,931,934,937,940,943,946,949,952
GTR{0.001000/6.400097/0.636164/1.462513/5.811219/1.000000}+FU{0.362787/0.150662/0.124941/0.361609}+G4m{1.406502}+BU{1.594465}, partition_10 = 1-431
GTR{0.001000/0.001000/0.001000/40.874656/0.001000/1.000000}+FU{0.382637/0.117577/0.369473/0.130314}+G4m{99.862600}+BU{0.051934}, partition_11 = 434,437,440,443,446,449,452,455,458,461,464,467,470,473,476,479,482,485,488,491,494,497,500,503,506,509,512,515,518,521,524,527,530,533,536,539,542,545,548,551,554,557,560,563,566,569,572,575,578,581,584,587,590,593,596,599,602,605,608,611,614,617,620,623,626,629,632,635,638,641,644,647,650,653,656,659,662,665,668,671,674,677,680,683,686,689,692,695,698,701,704,707,710,713,716,719,722,725,728,731,734,737,740,743,746,749,752,755,758,761,764,767,770,773,776
GTR{0.001000/0.001000/0.001000/3.732248/0.001000/1.000000}+FU{0.292921/0.260182/0.160507/0.286391}+G4m{0.020126}+BU{0.009254}, partition_12 = 1394,956,959,962,965,968,971,974,977,980,983,986,989,992,995,998,1001,1004,1007,1010,1013,1016,1019,1022,1025,1028,1031,1034,1037,1040,1043,1046,1049,1052,1055,1058,1061,1064,1067,1070,1073,1076,1079,1082,1085,1088,1091,1094,1097,1100,1103,1106,1109,1112,1115,1118,1121,1124,1127,1130,1133,1136,1139,1142,1145,1148,1151,1154,1157,1160,1163,1166,1169,1172,1175,1178,1181,1184,1187,1190,1193,1196,1199,1202,1205,1208,1211,1214,1217,1220,1223,1226,1229,1232,1235,1238,1241,1244,1247,1250,1253,1256,1259,1262,1265,1268,1271,1274,1277,1280,1283,1286,1289,1292,1295,1298,1301,1304,1307,1310,1397,1400,1403,1313,1316,1319,1322,1325,1328,1331,1334,1337,1340,1343,1346,1349,1352,1355,1358,1361,1364,1367,1370,1373,1376,1379,1382,1385,1388,1391
GTR{22.742176/128.968851/0.001000/0.001000/44.868876/1.000000}+FU{0.263714/0.149096/0.138800/0.448390}+G4m{0.723466}+BU{1.388622}, partition_13 = 1606,1609,1612,1615,1618,1621,1624,1627,1630,1633,1636,1639,1642,1645,1648,1651,1654,1657,1660,1663,1666,1669,1672,1675,1678,1681,1684,1687,1690,1693,1696,1699,1702,1705,1708,1711,1714,1717,1720,1723,1726
GTR{1.074391/8.106368/0.001000/1.613072/25.294662/1.000000}+FU{0.237934/0.149067/0.188721/0.424279}+G4m{0.809468}+BU{2.158065}, partition_14 = 957,960,963,966,969,972,975,978,981,984,1323,1326,987,1329,990,1332,1335,1338,1341,1344,993,1347,1350,996,1353,1356,999,1359,1002,1362,1365,1005,1368,1371,1008,1374,1011,1377,1380,1014,1383,1386,1017,1389,1020,1392,1395,1023,1398,1401,1026,1404,1029,1032,1035,1038,1041,1044,1047,1050,1053,1056,1059,1062,1065,1068,1071,1074,1077,1080,1083,1086,1089,1092,1095,1098,1101,1104,1107,1110,1113,1116,1119,1122,1125,1128,1131,1134,1137,1140,1143,1146,1149,1152,1155,1158,1161,1164,1167,1170,1173,1176,1179,1182,1185,1188,1191,1194,1197,1200,1203,1206,1209,1212,1215,1218,1221,1224,1227,1230,1233,1236,1239,1242,1245,1248,1251,1254,1257,1260,1263,1266,1269,1272,1275,1278,1281,1284,1287,1290,1293,1296,1299,1302,1305,1308,1311,1314,1317,1320
