GTR{0.001000/0.001000/0.001000/470.939196/0.001000/1.000000}+FU{0.292147/0.259750/0.189732/0.258371}+G4m{0.020135}+BU{0.046416}, partition_0 = 658,661,664,667,670,673,676,679,682,685,688,691,694,697,700,703,706,709,712,715,718,721,724,727,730,733,736,739,742,745,748,751,754,757,760,763,766,769,772,775,778,781,784,787,790,793,796,799,802,805,808,811,814,817,820,823,826,829,832,835,838,841,844,847,850,853,856,859,862,865,868,871,874,877,880,883,886,889,892,895,898,901,904,907,910,913,916,919,922
GTR{0.001000/0.001000/0.001000/0.001000/17.668436/1.000000}+FU{0.256199/0.195451/0.288534/0.259816}+G4m{0.020126}+BU{0.005079}, partition_1 = 1763-1793
GTR{1.996196/8.829985/3.138808/1.312028/19.029789/1.000000}+FU{0.347932/0.113443/0.185317/0.353309}+G4m{0.358170}+BU{1.605114}, partition_2 = 923-1762
GTR{1.097746/5.555123/0.001000/0.677195/13.362130/1.000000}+FU{0.210036/0.270466/0.323519/0.195979}+G4m{0.020138}+BU{0.016604}, partition_3 = 2983-3817
GTR{0.897356/2.526547/0.601999/0.846786/5.375483/1.000000}+FU{0.399021/0.157804/0.138415/0.304761}+G4m{0.318274}+BU{1.925082}, partition_4 = 3818-4163
GTR{3.685274/4.284509/4.610426/1.046083/5.501894/1.000000}+FU{0.192256/0.274241/0.298250/0.235253}+G4m{0.649372}+BU{0.108269}, partition_5 = 1794-2364
GTR{0.001000/34.792064/22.892189/0.001000/999.531910/1.000000}+FU{0.278871/0.164001/0.274361/0.282767}+G4m{0.146385}+BU{0.502653}, partition_6 = 2,5,8,11,14,17,20,23,26,29,32,35,38,41,44,47,50,53,56,59,62,65,68,71,74,77,80,83,86,89,92,95,98,101,104,107,110,113,116,119,122,125,128,131,134,137,140,143,146,149,152,155,158,161,164,167,170,173,176,179,182,185,188,191,194,197,200,203,206,209,212,215,218,221,224,227,230,233,236,239,242,245,248,251,254,257,260,263,266,269,272,275,278,281,284,287,290,293,296,299,302,305,308,311,314,317,320,323,326,329,332,335,338,341,344,347,350,353,356,359,362,365,368,371,374,377,380,383,386,389,392,395,398,401,404,407,410,413,416,419,422,425,428,431,434,437,440,443,446,449,452,455,458,461,464,467,470,473,476,479,482,485,488,491,494,497,500,503,506,509,512,515,518,521,524,527,530,533,536,539,542,545,548,551,554,557,560,563,566,569,572,575,578,581,584,587,590,593,596,599,602,605,608,611,614,617,620,623,626,629,632,635,638,641,644,647,650,653
GTR{724.220869/0.001000/1000.000000/0.001000/778.655758/1.000000}+FU{0.272002/0.288180/0.325809/0.114010}+G4m{0.020140}+BU{0.140100}, partition_7 = 657,660,663,666,669,672,675,678,681,684,687,690,693,696,699,702,705,708,711,714,717,720,723,726,729,732,735,738,741,744,747,750,753,756,759,762,765,768,771,774,777,780,783,786,789,792,795,798,801,804,807,810,813,816,819,822,825,828,831,834,837,840,843,846,849,852,855,858,861,864,867,870,873,876,879,882,885,888,891,894,897,900,903,906,909,912,915,918,921
GTR{1.220006/7.007452/5.207288/0.510310/3.643752/1.000000}+FU{0.171809/0.341458/0.291993/0.194739}+G4m{0.367553}+BU{0.652255}, partition_8 = 656,659,662,665,668,671,674,677,680,683,686,689,692,695,698,701,704,707,710,713,716,719,722,725,728,731,734,737,740,743,746,749,752,755,758,761,764,767,770,773,776,779,782,785,788,791,794,797,800,803,806,809,812,815,818,821,824,827,830,833,836,839,842,845,848,851,854,857,860,863,866,869,872,875,878,881,884,887,890,893,896,899,902,905,908,911,914,917,920
GTR{0.671945/4.481453/1.659922/0.265281/2.590627/1.000000}+FU{0.187681/0.256841/0.292015/0.263463}+G4m{0.177912}+BU{0.147642}, partition_9 = 2523-2982
GTR{0.001000/1.475783/0.001000/2.292856/0.683493/1.000000}+FU{0.126255/0.216126/0.209657/0.447962}+G4m{0.020137}+BU{0.026382}, partition_10 = 3,6,9,12,15,18,21,24,27,30,33,36,39,42,45,48,51,54,57,60,63,66,69,72,75,78,81,84,87,90,93,96,99,102,105,108,111,114,117,120,123,126,129,132,135,138,141,144,147,150,153,156,159,162,165,168,171,174,177,180,183,186,189,192,195,198,201,204,207,210,213,216,219,222,225,228,231,234,237,240,243,246,249,252,255,258,261,264,267,270,273,276,279,282,285,288,291,294,297,300,303,306,309,312,315,318,321,324,327,330,333,336,339,342,345,348,351,354,357,360,363,366,369,372,375,378,381,384,387,390,393,396,399,402,405,408,411,414,417,420,423,426,429,432,435,438,441,444,447,450,453,456,459,462,465,468,471,474,477,480,483,486,489,492,495,498,501,504,507,510,513,516,519,522,525,528,531,534,537,540,543,546,549,552,555,558,561,564,567,570,573,576,579,582,585,588,591,594,597,600,603,606,609,612,615,618,621,624,627,630,633,636,639,642,645,648,651,654
GTR{0.001000/0.001000/0.001000/0.001000/0.001000/1.000000}+FU{0.227559/0.265491/0.300938/0.206012}+G4m{99.855931}+BU{0.005084}, partition_11 = 2365-2522
GTR{0.841524/31.843944/2.239993/0.228116/29.901079/1.000000}+FU{0.296225/0.112269/0.139552/0.451954}+G4m{1.300963}+BU{8.283487}, partition_12 = 343,1,4,7,10,13,16,19,22,25,28,31,34,37,40,43,46,49,52,55,58,61,64,67,70,73,76,79,82,85,88,91,94,97,100,103,106,109,112,115,118,121,124,127,130,133,136,139,142,145,148,151,154,157,160,163,166,169,172,175,178,181,184,187,190,193,196,199,202,205,208,211,214,217,220,223,226,229,232,235,238,241,244,247,250,253,256,259,262,265,268,271,274,277,280,283,286,289,292,295,298,301,304,307,310,313,316,346,349,352,355,358,361,364,367,370,373,376,379,382,385,388,391,394,397,400,403,406,409,412,415,418,421,424,427,430,433,436,439,442,445,448,451,454,457,460,463,466,469,472,475,478,481,484,487,490,493,496,499,502,505,508,511,514,517,520,523,526,529,532,535,538,541,544,547,550,553,556,559,562,565,568,571,574,577,580,583,586,589,592,595,598,601,604,607,610,613,616,619,622,625,628,631,634,637,640,643,646,649,652,655,319,322,325,328,331,334,337,340
